0, start, 0.098209865, -0.09754071, 0.032382775, -0.28548276, -0.09080956
1, A_ACCEPTED, -0.06827329, 0.094514124, 0.10390312, -0.054748084, -0.2139351
2, A_ACTIVATED, -0.050872408, 0.2227591, 0.093558386, 0.16874956, 0.025276942
3, A_APPROVED, -0.051620685, 0.20986904, 0.08909077, 0.157333, 0.019912587
4, A_CANCELLED, -0.21175703, -0.0095866155, -0.012261655, -0.03804168, -0.17375243
5, A_DECLINED, -0.22749658, 0.009628641, -0.013493137, -0.008255822, -0.19158638
6, A_FINALIZED, -0.0750893, 0.09970786, 0.108700074, -0.059250258, -0.220245
7, A_PARTLYSUBMITTED, -0.18292478, -0.12254467, -0.13067119, 0.081918664, -0.029383045
8, A_PREACCEPTED, -0.19682252, -0.041596998, -0.031944357, -0.0010948267, -0.18432952
9, A_REGISTERED, -0.05534915, 0.21934214, 0.0942564, 0.15927136, 0.018347928
10, A_SUBMITTED, -0.17395, -0.115803875, -0.12360532, 0.075078726, -0.028625242
11, O_ACCEPTED, -0.08571884, 0.16661558, 0.054178197, 0.16002885, 0.014742553
12, O_CANCELLED, -0.20285383, 0.030731687, 0.022380607, -0.031101787, -0.20016547
13, O_CREATED, -0.082746044, 0.09540885, 0.091280214, -0.05822291, -0.1717384
14, O_DECLINED, -0.13579045, 0.17342739, 0.10837419, -0.02357936, -0.10291764
15, O_SELECTED, -0.0845039, 0.09655014, 0.0916256, -0.06225392, -0.16820098
16, O_SENT, -0.0948613, 0.11075822, 0.10520043, -0.06721817, -0.1999823
17, O_SENT_BACK, -0.17781499, 0.12224678, 0.056465615, -0.11436978, 0.07349549
18, W_Afhandelen leads, -0.1488238, 0.12121756, 0.071400315, -0.12773135, -0.041449815
19, W_Beoordelen fraude, -0.09585685, 0.16806133, 0.02111057, 0.23013692, 0.043472324
20, W_Completeren aanvraag, -0.15939987, 0.08899213, 0.051036537, -0.11368859, -0.059480138
21, W_Nabellen incomplete dossiers, -0.17161362, 0.1310894, 0.076181464, -0.12398268, -0.036456447
22, W_Nabellen offertes, -0.14799468, 0.1003586, 0.05967415, -0.122977525, -0.04132964
23, W_Valideren aanvraag, -0.16854735, 0.18497416, 0.08519562, -0.023313226, -0.011965968
24, end, -0.106546976, 0.10147492, -0.030589025, 0.27925673, 0.0869767
