0, start, 0.046880737, 0.012985074, -0.027279463, 0.012471004
1, Assign seriousness, 0.010157252, -0.03982013, -0.005329217, -0.0033845012
2, Closed, 0.022670878, -0.019811427, 0.03346559, 0.008298443
3, Create SW anomaly, 0.008090048, -0.09569851, -0.041189406, -0.01714495
4, DUPLICATE, 0.036347333, -0.035178542, -0.03791367, 0.0010198677
5, INVALID, -0.06253336, -0.05001029, 0.024415493, -0.022959758
6, Insert ticket, 0.020421231, -0.05140682, 0.011213537, 0.0010535963
7, RESOLVED, 0.0004542696, -0.03698076, -0.013707814, -0.0070297476
8, Require upgrade, 0.005874735, -0.06764408, -0.029020252, -0.011711319
9, Resolve SW anomaly, -0.028593779, -0.09619168, -0.016767098, -0.023102414
10, Resolve ticket, 0.004118384, -0.037729945, -0.014292322, -0.0066638454
11, Schedule intervention, 0.020849138, -0.06140194, -0.037140362, -0.0073594595
12, Take in charge ticket, 0.02248864, -0.08294365, -0.001551496, -0.0053182403
13, VERIFIED, 0.045158852, -0.052201115, -0.05039003, -9.118381e-05
14, Wait, 0.017078761, -0.064359255, -0.0035683133, -0.0041657225
15, end, 0.060453355, 0.016752215, -0.035237327, 0.016207917
