0, start, 0.041741744, 0.116469316, -0.18024373, -0.03507006, -0.037601072
1, Role 1, -0.15541707, 0.08107946, 0.06062998, -0.098345995, -0.12783961
2, Role 10, 0.041136965, 0.121383235, -0.18562381, -0.040725842, -0.037424363
3, Role 2, -0.15477, 0.21456173, 0.112751305, 0.027846029, -0.081168346
4, Role 3, -0.008591981, -0.010336783, 0.07698362, 0.078423895, -0.44237733
5, Role 4, -0.16467552, 0.08463321, 0.021806661, -0.15610877, 0.104575895
6, Role 5, 0.053928096, 0.16437781, -0.2536762, -0.041165665, -0.055688065
7, Role 6, -0.15716422, -0.101132855, -0.091513984, 0.032302078, -0.08344866
8, Role 7, 0.046481203, 0.13112593, -0.20389266, -0.04091489, -0.041423276
9, Role 8, -0.07169503, -0.14119293, 0.23140536, 0.027615914, 0.07389701
10, Role 9, 0.05130933, 0.15244162, -0.23229244, -0.047224414, -0.04718162
11, end, 0.038675424, 0.10576986, -0.16368881, -0.032347094, -0.03456177
